################################################################################
#Signature for DG Method
#Created with signature.py version 0.1
#Authors: Nicole Beisiegel, Stefan Vater
#CAUTION: this signature file is not fully functional jet!
################################################################################
SIGNATURE_DESCRIPTION
eighth order DG elements
POLY_DEGREE
8
NODE_DOFS
0
EDGE_DOFS
0
ELMT_DOFS
45
EDGE_QUADPOINTS
45
ELMT_QUADPOINTS
58
EDGE_PSINONZERO
15
ELMT_DOFCOORDINATES
 1  1.00000000000000e+00  0.00000000000000e+00  0.00000000000000e+00
 2  0.00000000000000e+00  1.00000000000000e+00  0.00000000000000e+00
 3  0.00000000000000e+00  0.00000000000000e+00  1.00000000000000e+00
 4  9.49878997705730e-01  5.01210022942703e-02  0.00000000000000e+00
 5  8.38593139755369e-01  1.61406860244631e-01  0.00000000000000e+00
 6  6.81558731913089e-01  3.18441268086911e-01  0.00000000000000e+00
 7  5.00000000000000e-01  5.00000000000000e-01  0.00000000000000e+00
 8  3.18441268086911e-01  6.81558731913089e-01  0.00000000000000e+00
 9  1.61406860244631e-01  8.38593139755369e-01  0.00000000000000e+00
10  5.01210022942696e-02  9.49878997705730e-01  0.00000000000000e+00
11  9.49878997705730e-01  0.00000000000000e+00  5.01210022942699e-02
12  8.61819860276540e-01  6.90900698617301e-02  6.90900698617303e-02
13  7.23213555147770e-01  1.98728248641501e-01  7.80581962107289e-02
14  5.50945780856949e-01  3.67638100035712e-01  8.14161191073391e-02
15  3.67638100035712e-01  5.50945780856949e-01  8.14161191073390e-02
16  1.98728248641501e-01  7.23213555147770e-01  7.80581962107288e-02
17  6.90900698617301e-02  8.61819860276540e-01  6.90900698617303e-02
18  0.00000000000000e+00  9.49878997705730e-01  5.01210022942703e-02
19  8.38593139755369e-01  0.00000000000000e+00  1.61406860244631e-01
20  7.23213555147770e-01  7.80581962107287e-02  1.98728248641501e-01
21  5.66537963017938e-01  2.16731018491031e-01  2.16731018491031e-01
22  3.89005809126949e-01  3.89005809126949e-01  2.21988381746101e-01
23  2.16731018491031e-01  5.66537963017938e-01  2.16731018491031e-01
24  7.80581962107289e-02  7.23213555147770e-01  1.98728248641501e-01
25  0.00000000000000e+00  8.38593139755369e-01  1.61406860244631e-01
26  6.81558731913089e-01  0.00000000000000e+00  3.18441268086911e-01
27  5.50945780856949e-01  8.14161191073390e-02  3.67638100035712e-01
28  3.89005809126949e-01  2.21988381746101e-01  3.89005809126949e-01
29  2.21988381746101e-01  3.89005809126949e-01  3.89005809126949e-01
30  8.14161191073390e-02  5.50945780856949e-01  3.67638100035712e-01
31  0.00000000000000e+00  6.81558731913089e-01  3.18441268086911e-01
32  5.00000000000000e-01  0.00000000000000e+00  5.00000000000000e-01
33  3.67638100035712e-01  8.14161191073390e-02  5.50945780856949e-01
34  2.16731018491031e-01  2.16731018491031e-01  5.66537963017938e-01
35  8.14161191073390e-02  3.67638100035712e-01  5.50945780856949e-01
36  0.00000000000000e+00  5.00000000000000e-01  5.00000000000000e-01
37  3.18441268086911e-01  0.00000000000000e+00  6.81558731913089e-01
38  1.98728248641501e-01  7.80581962107289e-02  7.23213555147771e-01
39  7.80581962107287e-02  1.98728248641501e-01  7.23213555147771e-01
40  0.00000000000000e+00  3.18441268086911e-01  6.81558731913089e-01
41  1.61406860244631e-01  0.00000000000000e+00  8.38593139755369e-01
42  6.90900698617303e-02  6.90900698617303e-02  8.61819860276539e-01
43  0.00000000000000e+00  1.61406860244631e-01  8.38593139755369e-01
44  5.01210022942703e-02  0.00000000000000e+00  9.49878997705730e-01
45  0.00000000000000e+00  5.01210022942697e-02  9.49878997705730e-01
EDGE_QUADCOORDINATES
 1  9.99301822590968e-01  6.98177409031664e-04
 2  9.96324999223602e-01  3.67500077639815e-03
 3  9.90984357517271e-01  9.01564248272924e-03
 4  9.83304155198448e-01  1.66958448015524e-02
 5  9.73320845497815e-01  2.66791545021847e-02
 6  9.61081968359500e-01  3.89180316404998e-02
 7  9.46645835876621e-01  5.33541641233788e-02
 8  9.30081237980332e-01  6.99187620196680e-02
 9  9.11467110251043e-01  8.85328897489570e-02
10  8.90892156296954e-01  1.09107843703046e-01
11  8.68454424472746e-01  1.31545575527254e-01
12  8.44260840385601e-01  1.55739159614399e-01
13  8.18426697226611e-01  1.81573302773389e-01
14  7.91075106284676e-01  2.08924893715324e-01
15  7.62336410231458e-01  2.37663589768542e-01
16  7.32347561959818e-01  2.67652438040182e-01
17  7.01251471929271e-01  2.98748528070729e-01
18  6.69196327125301e-01  3.30803672874699e-01
19  6.36334884876189e-01  3.63665115123811e-01
20  6.02823744891632e-01  3.97176255108368e-01
21  5.68822602991627e-01  4.31177397008373e-01
22  5.34493490081572e-01  4.65506509918428e-01
23  5.00000000000000e-01  5.00000000000000e-01
24  4.65506509918428e-01  5.34493490081572e-01
25  4.31177397008373e-01  5.68822602991627e-01
26  3.97176255108369e-01  6.02823744891631e-01
27  3.63665115123811e-01  6.36334884876189e-01
28  3.30803672874699e-01  6.69196327125301e-01
29  2.98748528070729e-01  7.01251471929271e-01
30  2.67652438040182e-01  7.32347561959818e-01
31  2.37663589768542e-01  7.62336410231458e-01
32  2.08924893715324e-01  7.91075106284676e-01
33  1.81573302773389e-01  8.18426697226611e-01
34  1.55739159614400e-01  8.44260840385600e-01
35  1.31545575527255e-01  8.68454424472745e-01
36  1.09107843703047e-01  8.90892156296953e-01
37  8.85328897489568e-02  9.11467110251043e-01
38  6.99187620196682e-02  9.30081237980332e-01
39  5.33541641233799e-02  9.46645835876620e-01
40  3.89180316405009e-02  9.61081968359499e-01
41  2.66791545021855e-02  9.73320845497815e-01
42  1.66958448015521e-02  9.83304155198448e-01
43  9.01564248273035e-03  9.90984357517270e-01
44  3.67500077639837e-03  9.96324999223602e-01
45  6.98177409032330e-04  9.99301822590968e-01
EDGE_QUADWEIGHTS
 1  3.58266315528158e-03
 2  8.32318929621991e-03
 3  1.30311049915848e-02
 4  1.76775352579382e-02
 5  2.22398475505774e-02
 6  2.66962139675765e-02
 7  3.10253749345163e-02
 8  3.52066922016052e-02
 9  3.92202367293025e-02
10  4.30468807091665e-02
11  4.66683877183752e-02
12  5.00674992379523e-02
13  5.32280167312691e-02
14  5.61348787597871e-02
15  5.87742327188427e-02
16  6.11335008310660e-02
17  6.32014400738197e-02
18  6.49681957507241e-02
19  6.64253484498416e-02
20  6.75659541636078e-02
21  6.83845773786691e-02
22  6.88773169776619e-02
23  6.90418248292325e-02
24  6.88773169776614e-02
25  6.83845773786692e-02
26  6.75659541636076e-02
27  6.64253484498429e-02
28  6.49681957507245e-02
29  6.32014400738191e-02
30  6.11335008310665e-02
31  5.87742327188407e-02
32  5.61348787597871e-02
33  5.32280167312670e-02
34  5.00674992379523e-02
35  4.66683877183722e-02
36  4.30468807091656e-02
37  3.92202367293040e-02
38  3.52066922016085e-02
39  3.10253749345134e-02
40  2.66962139675779e-02
41  2.22398475505765e-02
42  1.76775352579395e-02
43  1.30311049915830e-02
44  8.32318929621933e-03
45  3.58266315528475e-03
EDGE_PSIINDEX
 2  3 13 14 16 18 22 25 31 34 36 40 42 43 45
EDGE_PSIQUADPOINTS
 1  9.75069558474055e-01 -6.81247169344667e-04  6.66133814775094e-16 -1.11022302462516e-15  1.11022302462516e-15  3.36215699390526e-02  1.11022302462516e-15 -1.33172666396783e-02  7.56629619766345e-03  1.73472347597681e-16 -4.98632020704649e-03  3.53102896463304e-03 -8.23993651088983e-17 -2.55425856081057e-03  1.75063900147622e-03
 2  8.73258940270549e-01 -3.22106469875969e-03 -5.55111512312578e-16 -8.88178419700125e-16  1.66533453693773e-15  1.68653868435372e-01  1.11022302462516e-15 -6.39637768200918e-02  3.60056251446855e-02  1.00613961606655e-16 -2.36470108399262e-02  1.67187317063507e-02  2.16840434497101e-17 -1.20839696557346e-02  8.27865645755601e-03
 3  7.07927520288896e-01 -6.44048655076633e-03 -1.66533453693773e-16 -6.66133814775094e-16  1.22124532708767e-15  3.78992997926399e-01  4.99600361081320e-16 -1.31667498342681e-01  7.28429059961833e-02 -8.67361737988404e-17 -4.75400622733291e-02  3.35137809203966e-02 -6.15826833971767e-17 -2.41869752712327e-02  1.65578173061345e-02
 4  5.05797545754645e-01 -8.58810295907008e-03  1.22124532708767e-15 -1.33226762955019e-15 -1.66533453693773e-16  6.16674255127523e-01  4.44089209850063e-16 -1.83457965278342e-01  9.88331162413427e-02  3.29597460435593e-17 -6.39008320397365e-02  4.48550236040655e-02  2.29850860566927e-17 -3.23013454473553e-02  2.20883049969274e-02
 5  2.97983720046121e-01 -8.16786545055461e-03  6.10622663543836e-16 -1.05471187339390e-15  1.11022302462516e-16  8.27783797147899e-01  5.13478148889135e-16 -1.85507183666882e-01  9.62262956067008e-02  2.25514051876985e-17 -6.14258101834420e-02  4.28707633541365e-02  1.65882932390282e-17 -3.07827648102257e-02  2.10190479562475e-02
 6  1.13789915288769e-01 -4.60780627394060e-03  5.82867087928207e-16 -1.08246744900953e-15  1.11022302462516e-16  9.64862896344424e-01  2.42861286636753e-16 -1.13660930270158e-01  5.59493169348511e-02 -5.78963960107259e-17 -3.51251694254716e-02  2.43357355672650e-02 -1.71303943252710e-17 -1.74098131423241e-02  1.18658549765835e-02
 7 -2.47630291347284e-02  1.39567583839092e-03  5.48172618408671e-16 -1.06858966120171e-15 -6.24500451351651e-17  9.97444659927773e-01  1.66533453693773e-16  3.84405442505870e-02 -1.76011706012752e-02 -1.74339709335669e-16  1.08180933564706e-02 -7.42726745441598e-03 -1.39211558947139e-16  5.28960555390272e-03 -3.59711173670524e-03
 8 -1.06525873069837e-01  8.00807162208878e-03  6.52256026967279e-16 -1.20736753927986e-15 -2.49800180540660e-16  9.18283850542219e-01  1.38777878078145e-16  2.55939477579704e-01 -1.05837889731447e-01  2.77555756156289e-17  6.33344874892375e-02 -4.30042163488941e-02  1.38777878078145e-17  3.04620743746300e-02 -2.06599824577006e-02
 9 -1.32236854220258e-01  1.28444687732141e-02  4.71844785465692e-16 -1.05471187339390e-15  1.66533453693773e-16  7.43936153595449e-01  5.55111512312578e-17  5.05053940076003e-01 -1.79829283977519e-01  1.00613961606655e-16  1.04055238271719e-01 -6.97174661159265e-02 -4.38017677684144e-17  4.90697726316088e-02 -3.31759690342912e-02
10 -1.12911440820332e-01  1.38282998118623e-02  6.93889390390723e-16 -8.32667268468867e-16  0.00000000000000e+00  5.09780177478051e-01  0.00000000000000e+00  7.40548397816610e-01 -2.07832474402470e-01  0.00000000000000e+00  1.15260073345638e-01 -7.60000280563415e-02 -7.80625564189563e-17  5.30921639090542e-02 -3.57651690820731e-02
11 -6.61731966024817e-02  1.00233138161932e-02  3.88578058618805e-16 -4.44089209850063e-16  0.00000000000000e+00  2.60943829871699e-01  4.71844785465692e-16  9.16437639774453e-01 -1.64481527905605e-01  2.60208521396521e-17  8.64005504098477e-02 -5.58911886275383e-02 -1.10371781159024e-16  3.87046171595278e-02 -2.59640378960957e-02
12 -1.15425178104897e-02  2.12922587149604e-03  1.11022302462516e-16 -2.77555756156289e-16  4.44089209850063e-16  4.15435836760361e-02  5.55111512312578e-16  9.97113334868336e-01 -3.90178435617471e-02 -9.28077059647592e-17  1.90964517957770e-02 -1.20731249842878e-02 -1.25767452008319e-16  8.27605907090019e-03 -5.52516892602107e-03
13  3.41267141652280e-02 -7.57123420433594e-03  2.77555756156289e-16 -1.66533453693773e-16  3.88578058618805e-16 -1.15059488982808e-01  5.41233724504764e-16  9.65984642616500e-01  1.59883159245329e-01 -1.30971622436249e-16 -7.11670430178325e-02  4.37670408344876e-02 -1.65069780760918e-16 -2.96497497982270e-02  1.96859591416588e-02
14  6.00047167108789e-02 -1.58473942128159e-02  2.22044604925031e-16  5.55111512312578e-17  4.99600361081320e-16 -1.92689745276085e-01  9.71445146547012e-16  8.29411718791802e-01  4.04254242064727e-01 -1.76724954115137e-16 -1.57511562695059e-01  9.36717927012620e-02 -1.64256629131554e-16 -6.25917124809664e-02  4.12979443962564e-02
15  6.27662287047226e-02 -1.95678010783569e-02  1.66533453693773e-16  1.11022302462516e-16  3.88578058618805e-16 -1.94148011774777e-01  1.08246744900953e-15  6.14983634513571e-01  6.52161842262308e-01 -1.56992474575901e-16 -2.07956280670376e-01  1.18676945305757e-01 -1.82579645846559e-16 -7.80401640754071e-02  5.11236068125590e-02
16  4.60483584224558e-02 -1.68293799825538e-02  2.77555756156289e-16  1.11022302462516e-16  3.60822483003176e-16 -1.38295323163214e-01  1.11022302462516e-15  3.64693094839573e-01  8.56988929181651e-01 -1.92554305833426e-16 -1.93994385926670e-01  1.05157775371977e-01 -1.96457433654373e-16 -6.78652414565578e-02  4.40961727133386e-02
17  1.82610966981087e-02 -7.77962824735093e-03  1.11022302462516e-16  1.11022302462516e-16  3.05311331771918e-16 -5.35583989219832e-02  1.19348975147204e-15  1.24877259723949e-01  9.78328143382895e-01 -1.73472347597681e-16 -9.91369355710677e-02  5.03277122312207e-02 -2.38524477946811e-16 -3.17699774209445e-02  2.04507281251724e-02
18 -1.04938641457602e-02  5.18742954997648e-03  2.49800180540660e-16 -1.38777878078145e-16  2.22044604925031e-16  3.01879987766306e-02  1.16573417585641e-15 -6.44248732281377e-02  9.91655590291272e-01 -1.38777878078145e-17  7.50337676969503e-02 -3.49510220917773e-02 -2.55871712706579e-16  2.14919152340503e-02 -1.36869420832047e-02
19 -3.14895808363548e-02  1.79962820084611e-02  2.49800180540660e-16  0.00000000000000e+00  6.93889390390723e-17  8.91484989993601e-02  1.05471187339390e-15 -1.77998078317849e-01  8.94250276557179e-01  2.77555756156289e-17  3.07187438271792e-01 -1.27216891387080e-01 -2.05998412772246e-16  7.58042878609771e-02 -4.76822331564854e-02
20 -3.96202315633695e-02  2.61041727904967e-02  9.71445146547012e-17 -1.38777878078145e-17  8.32667268468867e-17  1.10674056299113e-01  7.77156117237610e-16 -2.09829189930243e-01  7.05814522277992e-01  1.07552855510562e-16  5.59691606969254e-01 -1.95413929421797e-01 -2.35488711863852e-16  1.12073875864906e-01 -6.94948832863522e-02
21 -3.43279770107000e-02  2.60212018548335e-02  1.38777878078145e-16  4.16333634234434e-17  4.16333634234434e-17  9.48110827567837e-02  5.55111512312578e-16 -1.72489525587109e-01  4.63659478989276e-01  1.50920942409982e-16  7.86529521434462e-01 -2.08766259748895e-01 -2.29634020132430e-16  1.14214025187176e-01 -6.96515478758279e-02
22 -1.91223291009164e-02  1.66542134683823e-02  1.66533453693773e-16 -7.63278329429795e-17 -1.38777878078145e-17  5.23069467332252e-02  3.33066907387547e-16 -9.20245439608199e-02  2.13754157057534e-01  2.22044604925031e-16  9.43781224895494e-01 -1.45500965044160e-01 -9.28077059647592e-17  7.50084011107742e-02 -4.48571051595143e-02
23 -1.17690145823302e-16  1.28572825129625e-16  6.93889390390723e-17 -9.71445146547012e-17 -6.24500451351651e-17  2.02095284951298e-16  2.49800180540660e-16 -2.87530416143156e-16  7.03755630160341e-16  2.94902990916057e-16  1.00000000000000e+00 -7.64328650284390e-16 -1.22081164621868e-16  4.24624392722159e-16 -2.72172014743541e-16
24  1.66542134683821e-02 -1.91223291009162e-02  6.24500451351651e-17 -7.97972798949331e-17 -5.89805981832114e-17 -4.48571051595139e-02  5.55111512312578e-17  7.50084011107738e-02 -1.45500965044159e-01  1.55257751099924e-16  9.43781224895495e-01  2.13754157057532e-01 -2.47198095326695e-17 -9.20245439608188e-02  5.23069467332247e-02
25  2.60212018548334e-02 -3.43279770107000e-02  1.56125112837913e-17 -1.21430643318376e-16 -1.11022302462516e-16 -6.96515478758278e-02 -5.55111512312578e-17  1.14214025187177e-01 -2.08766259748895e-01  3.65159291693118e-16  7.86529521434462e-01  4.63659478989276e-01  4.01154803819637e-17 -1.72489525587108e-01  9.48110827567836e-02
26  2.61041727904967e-02 -3.96202315633696e-02  6.93889390390723e-17 -1.63064006741820e-16  4.16333634234434e-17 -6.94948832863523e-02 -2.77555756156289e-17  1.12073875864907e-01 -1.95413929421798e-01  5.49039980146659e-16  5.59691606969258e-01  7.05814522277988e-01  2.66713734431434e-17 -2.09829189930243e-01  1.10674056299113e-01
27  1.79962820084613e-02 -3.14895808363550e-02  1.99493199737333e-17 -1.63931368479808e-16 -1.90819582357449e-17 -4.76822331564857e-02  9.02056207507940e-17  7.58042878609776e-02 -1.27216891387081e-01  7.12103986888479e-16  3.07187438271794e-01  8.94250276557177e-01  8.50014503228635e-17 -1.77998078317849e-01  8.91484989993604e-02
28  5.18742954997676e-03 -1.04938641457604e-02  3.03576608295941e-17 -9.84455572616838e-17  3.94649590784724e-17 -1.36869420832051e-02  5.20417042793042e-17  2.14919152340508e-02 -3.49510220917786e-02  6.31656185690055e-16  7.50337676969529e-02  9.91655590291271e-01  1.67780286192132e-17 -6.44248732281399e-02  3.01879987766316e-02
29 -7.77962824735065e-03  1.82610966981089e-02 -9.21571846612679e-17 -3.90312782094782e-17  7.67615138119737e-17  2.04507281251723e-02  1.45716771982052e-16 -3.17699774209448e-02  5.03277122312202e-02  2.89807240705375e-16 -9.91369355710668e-02  9.78328143382896e-01  1.83501217693172e-17  1.24877259723947e-01 -5.35583989219827e-02
30 -1.68293799825536e-02  4.60483584224562e-02 -9.70360944374526e-17  2.22261445359528e-17  1.25008510487579e-16  4.40961727133387e-02  3.81639164714898e-17 -6.78652414565586e-02  1.05157775371977e-01  5.60098842306012e-16 -1.93994385926670e-01  8.56988929181652e-01 -2.93032742168520e-16  3.64693094839571e-01 -1.38295323163213e-01
31 -1.95678010783567e-02  6.27662287047231e-02 -6.21789945920437e-17  9.28619160733835e-17  1.55962482512040e-16  5.11236068125591e-02  1.51788304147971e-16 -7.80401640754079e-02  1.18676945305757e-01  7.54713132267160e-16 -2.07956280670376e-01  6.52161842262310e-01 -5.71645595442982e-16  6.14983634513568e-01 -1.94148011774777e-01
32 -1.58473942128160e-02  6.00047167108796e-02 -1.04191828775857e-16  1.55772747131855e-16  1.58429042454444e-16  4.12979443962566e-02  1.73906028466675e-16 -6.25917124809674e-02  9.36717927012624e-02  7.03755630160341e-16 -1.57511562695059e-01  4.04254242064729e-01 -7.39276803836397e-16  8.29411718791799e-01 -1.92689745276085e-01
33 -7.57123420433618e-03  3.41267141652290e-02 -1.01549085980424e-16  2.04426319622142e-16  1.55332289999283e-16  1.96859591416594e-02  7.30752264255230e-17 -2.96497497982282e-02  4.37670408344887e-02  1.02631932900193e-15 -7.11670430178341e-02  1.59883159245333e-01 -1.14393154779409e-15  9.65984642616498e-01 -1.15059488982810e-01
34  2.12922587149545e-03 -1.15425178104873e-02 -5.50334246490064e-17  1.89379626347116e-16  1.50826074719890e-16 -5.52516892601984e-03 -1.11672823766007e-17  8.27605907089832e-03 -1.20731249842856e-02  9.21812403969699e-16  1.90964517957735e-02 -3.90178435617403e-02 -1.30298824166245e-15  9.97113334868338e-01  4.15435836760276e-02
35  1.00233138161929e-02 -6.61731966024810e-02  2.58150231334693e-17  1.25564164100977e-16  7.53147815380634e-17 -2.59640378960952e-02 -2.26869304592592e-17  3.87046171595275e-02 -5.58911886275380e-02  7.73754432921436e-16  8.64005504098472e-02 -1.64481527905604e-01 -1.56630304463479e-15  9.16437639774458e-01  2.60943829871693e-01
36  1.38282998118621e-02 -1.12911440820331e-01  9.64423243414274e-17  2.99578612784901e-17  8.63084221604769e-18 -3.57651690820730e-02 -6.62176476845522e-17  5.30921639090549e-02 -7.60000280563421e-02  5.61738274575422e-16  1.15260073345639e-01 -2.07832474402472e-01 -1.73648922203448e-15  7.40548397816622e-01  5.09780177478042e-01
37  1.28444687732140e-02 -1.32236854220260e-01  1.85546166986080e-16 -4.46554181605691e-17 -1.06101199857646e-16 -3.31759690342914e-02 -9.30380989264123e-18  4.90697726316100e-02 -6.97174661159275e-02  4.84229677703970e-16  1.04055238271720e-01 -1.79829283977521e-01 -1.96436443119149e-15  5.05053940076006e-01  7.43936153595452e-01
38  8.00807162208890e-03 -1.06525873069840e-01  2.48611197745621e-16 -9.70392840458947e-17 -1.48308931028666e-16 -2.06599824577011e-02  2.37931554883733e-18  3.04620743746318e-02 -4.30042163488959e-02  2.70988127381075e-16  6.33344874892400e-02 -1.05837889731452e-01 -1.16410952695891e-15  2.55939477579714e-01  9.18283850542217e-01
39  1.39567583839162e-03 -2.47630291347389e-02  2.79186231714027e-16 -1.41680530948209e-16 -1.84662223585533e-16 -3.59711173670701e-03  4.33024418460080e-17  5.28960555390624e-03 -7.42726745442019e-03  1.88635249822602e-16  1.08180933564764e-02 -1.76011706012849e-02 -1.06489920151625e-15  3.84405442506078e-02  9.97444659927771e-01
40 -4.60780627393993e-03  1.13789915288753e-01  2.63940140968877e-16 -1.47396772290629e-16 -1.79847874428977e-16  1.18658549765819e-02  2.04152410342824e-17 -1.74098131423210e-02  2.43357355672612e-02  1.42228607587197e-16 -3.51251694254665e-02  5.59493169348429e-02 -8.15684025231871e-16 -1.13660930270141e-01  9.64862896344432e-01
41 -8.16786545055422e-03  2.97983720046105e-01  2.64381838833594e-16 -7.85425187799306e-17 -1.67554107844947e-16  2.10190479562467e-02  1.01477180824136e-16 -3.07827648102239e-02  4.28707633541344e-02  1.31979984037285e-16 -6.14258101834394e-02  9.62262956066965e-02 -6.19465489248318e-16 -1.85507183666874e-01  8.27783797147911e-01
42 -8.58810295906983e-03  5.05797545754649e-01  2.11377616980185e-16 -1.41355828009259e-16 -9.73182741621683e-17  2.20883049969270e-02  1.62508272891902e-16 -3.23013454473543e-02  4.48550236040644e-02  3.46354326763283e-17 -6.39008320397352e-02  9.88331162413402e-02 -1.74601989904757e-16 -1.83457965278337e-01  6.16674255127517e-01
43 -6.44048655076666e-03  7.07927520288863e-01  1.62192216938421e-16 -2.61602052021192e-18 -2.69588544819836e-17  1.65578173061356e-02 -4.13410253937203e-17 -2.41869752712341e-02  3.35137809203986e-02 -5.97872091193731e-17 -4.75400622733323e-02  7.28429059961881e-02 -5.04925757109633e-17 -1.31667498342690e-01  3.78992997926439e-01
44 -3.22106469875978e-03  8.73258940270541e-01  1.09114490391540e-16  1.72415633588936e-17  3.01411119379931e-17  8.27865645755629e-03  2.96149145470156e-16 -1.20839696557349e-02  1.67187317063512e-02  5.65372845819554e-17 -2.36470108399271e-02  3.60056251446868e-02 -1.82641481017474e-16 -6.39637768200942e-02  1.68653868435381e-01
45 -6.81247169345278e-04  9.75069558474031e-01  1.11589696941672e-17  9.08894542345745e-17  8.78575085054629e-17  1.75063900147781e-03  2.25590318849548e-16 -2.55425856081290e-03  3.53102896463623e-03 -9.72431021505097e-17 -4.98632020705103e-03  7.56629619767023e-03  7.77156117237610e-16 -1.33172666396902e-02  3.36215699390837e-02
ELMT_QUADCOORDINATES
 1  3.33333333333333e-01  3.33333333333333e-01  3.33333333333333e-01
 2  1.57964369592130e-02  4.92101781520394e-01  4.92101781520394e-01
 3  4.92101781520393e-01  1.57964369592130e-02  4.92101781520394e-01
 4  4.92101781520394e-01  4.92101781520394e-01  1.57964369592130e-02
 5  8.73762990467850e-02  4.56311850476607e-01  4.56311850476607e-01
 6  4.56311850476608e-01  8.73762990467845e-02  4.56311850476608e-01
 7  4.56311850476608e-01  4.56311850476607e-01  8.73762990467846e-02
 8  6.40498098534045e-01  1.79750950732977e-01  1.79750950732978e-01
 9  1.79750950732977e-01  6.40498098534045e-01  1.79750950732978e-01
10  1.79750950732977e-01  1.79750950732977e-01  6.40498098534045e-01
11  8.28211591878549e-01  8.58942040607255e-02  8.58942040607256e-02
12  8.58942040607249e-02  8.28211591878550e-01  8.58942040607256e-02
13  8.58942040607250e-02  8.58942040607255e-02  8.28211591878550e-01
14  9.77882767295649e-01  1.10586163521755e-02  1.10586163521756e-02
15  1.10586163521750e-02  9.77882767295649e-01  1.10586163521755e-02
16  1.10586163521750e-02  1.10586163521755e-02  9.77882767295649e-01
17  1.45299476220340e-02  1.75702575150374e-01  8.09767477227592e-01
18  1.45299476220340e-02  8.09767477227592e-01  1.75702575150374e-01
19  1.75702575150374e-01  1.45299476220335e-02  8.09767477227592e-01
20  1.75702575150374e-01  8.09767477227592e-01  1.45299476220335e-02
21  8.09767477227593e-01  1.45299476220335e-02  1.75702575150374e-01
22  8.09767477227593e-01  1.75702575150374e-01  1.45299476220336e-02
23  1.51928048485970e-02  3.22455470919484e-01  6.62351724231919e-01
24  1.51928048485970e-02  6.62351724231919e-01  3.22455470919484e-01
25  3.22455470919484e-01  1.51928048485970e-02  6.62351724231919e-01
26  3.22455470919484e-01  6.62351724231919e-01  1.51928048485970e-02
27  6.62351724231919e-01  1.51928048485970e-02  3.22455470919484e-01
28  6.62351724231919e-01  3.22455470919484e-01  1.51928048485970e-02
29  1.66362800061700e-02  6.84586374068280e-02  9.14905082587002e-01
30  1.66362800061700e-02  9.14905082587002e-01  6.84586374068280e-02
31  6.84586374068280e-02  1.66362800061700e-02  9.14905082587002e-01
32  6.84586374068280e-02  9.14905082587002e-01  1.66362800061700e-02
33  9.14905082587002e-01  1.66362800061700e-02  6.84586374068280e-02
34  9.14905082587002e-01  6.84586374068280e-02  1.66362800061700e-02
35  6.90999729804120e-02  1.74944764424286e-01  7.55955262595302e-01
36  6.90999729804119e-02  7.55955262595302e-01  1.74944764424286e-01
37  1.74944764424286e-01  6.90999729804120e-02  7.55955262595302e-01
38  1.74944764424286e-01  7.55955262595302e-01  6.90999729804120e-02
39  7.55955262595302e-01  6.90999729804120e-02  1.74944764424286e-01
40  7.55955262595302e-01  1.74944764424286e-01  6.90999729804121e-02
41  7.57795036084090e-02  3.58687816578983e-01  5.65532679812608e-01
42  7.57795036084090e-02  5.65532679812608e-01  3.58687816578983e-01
43  3.58687816578982e-01  7.57795036084090e-02  5.65532679812609e-01
44  3.58687816578983e-01  5.65532679812608e-01  7.57795036084090e-02
45  5.65532679812608e-01  7.57795036084090e-02  3.58687816578983e-01
46  5.65532679812608e-01  3.58687816578983e-01  7.57795036084090e-02
47  8.32778249182440e-02  2.49939144354847e-01  6.66783030726908e-01
48  8.32778249182440e-02  6.66783030726908e-01  2.49939144354848e-01
49  2.49939144354848e-01  8.32778249182440e-02  6.66783030726908e-01
50  2.49939144354848e-01  6.66783030726908e-01  8.32778249182440e-02
51  6.66783030726908e-01  8.32778249182440e-02  2.49939144354848e-01
52  6.66783030726908e-01  2.49939144354847e-01  8.32778249182440e-02
53  1.90423893467213e-01  3.23345523401111e-01  4.86230583131676e-01
54  1.90423893467213e-01  4.86230583131676e-01  3.23345523401111e-01
55  3.23345523401111e-01  1.90423893467214e-01  4.86230583131676e-01
56  3.23345523401110e-01  4.86230583131676e-01  1.90423893467214e-01
57  4.86230583131675e-01  1.90423893467214e-01  3.23345523401111e-01
58  4.86230583131675e-01  3.23345523401111e-01  1.90423893467214e-01
ELMT_QUADWEIGHTS
 1  9.24212023218490e-02
 2  2.79916527347240e-02
 3  2.79916527347240e-02
 4  2.79916527347240e-02
 5  3.64067635964240e-02
 6  3.64067635964240e-02
 7  3.64067635964240e-02
 8  6.27294233272510e-02
 9  6.27294233272510e-02
10  6.27294233272510e-02
11  3.22171701926730e-02
12  3.22171701926730e-02
13  3.22171701926730e-02
14  3.67679257564800e-03
15  3.67679257564800e-03
16  3.67679257564800e-03
17  1.90756863133070e-02
18  1.90756863133070e-02
19  1.90756863133070e-02
20  1.90756863133070e-02
21  1.90756863133070e-02
22  1.90756863133070e-02
23  2.51113367233230e-02
24  2.51113367233230e-02
25  2.51113367233230e-02
26  2.51113367233230e-02
27  2.51113367233230e-02
28  2.51113367233230e-02
29  1.41345107430400e-02
30  1.41345107430400e-02
31  1.41345107430400e-02
32  1.41345107430400e-02
33  1.41345107430400e-02
34  1.41345107430400e-02
35  2.52555436724960e-02
36  2.52555436724960e-02
37  2.52555436724960e-02
38  2.52555436724960e-02
39  2.52555436724960e-02
40  2.52555436724960e-02
41  3.84328525208490e-02
42  3.84328525208490e-02
43  3.84328525208490e-02
44  3.84328525208490e-02
45  3.84328525208490e-02
46  3.84328525208490e-02
47  3.29932912116060e-02
48  3.29932912116060e-02
49  3.29932912116060e-02
50  3.29932912116060e-02
51  3.29932912116060e-02
52  3.29932912116060e-02
53  8.14156772150440e-02
54  8.14156772150440e-02
55  8.14156772150440e-02
56  8.14156772150440e-02
57  8.14156772150440e-02
58  8.14156772150440e-02
ELMT_PSIQUADPOINTS
 1 -4.14248199025648e-02 -4.14248199025647e-02 -4.14248199025647e-02  6.16652930166287e-02 -3.32439199926752e-02 -1.02562237548963e-03  2.99798964967743e-02 -1.02562237549012e-03 -3.32439199926745e-02  6.16652930166283e-02  6.16652930166290e-02 -1.34729939386893e-01  1.36653916715490e-01 -9.11462566222040e-02 -9.11462566222039e-02  1.36653916715491e-01 -1.34729939386893e-01  6.16652930166282e-02 -3.32439199926745e-02  1.36653916715491e-01 -2.33499123062093e-01  5.67200497704610e-01 -2.33499123062093e-01  1.36653916715490e-01 -3.32439199926750e-02 -1.02562237548983e-03 -9.11462566222046e-02  5.67200497704610e-01  5.67200497704612e-01 -9.11462566222043e-02 -1.02562237548955e-03  2.99798964967747e-02 -9.11462566222038e-02 -2.33499123062092e-01 -9.11462566222043e-02  2.99798964967744e-02 -1.02562237548962e-03  1.36653916715491e-01  1.36653916715490e-01 -1.02562237548979e-03 -3.32439199926754e-02 -1.34729939386894e-01 -3.32439199926745e-02  6.16652930166281e-02  6.16652930166284e-02
 2 -6.42110849186664e-02  9.90862432205411e-03  9.90862432205435e-03  9.26801734023194e-02 -4.98767500851463e-02  6.06654845724982e-03  1.48086933929353e-02 -1.07102608065593e-02 -1.33297953662909e-03 -5.74056680390034e-03  9.26801734023187e-02 -1.84307258186794e-01  1.64949723198223e-01 -8.60734889088795e-02  6.24860582343031e-03  2.47925675903252e-02  1.62879341510404e-02 -2.27766498129443e-02 -4.98767500851450e-02  1.64949723198223e-01 -2.11390669333202e-01  1.76432869537769e-01 -7.65501349093105e-02 -5.95589536971386e-02  3.44434142642473e-02  6.06654845724911e-03 -8.60734889088794e-02  1.76432869537769e-01 -2.52962015805677e-01  3.18510997283171e-01 -4.98997924946154e-02  1.48086933929356e-02  6.24860582343021e-03 -7.65501349093099e-02  3.18510997283170e-01  7.07649879509058e-01 -1.07102608065594e-02  2.47925675903253e-02 -5.95589536971388e-02 -4.98997924946161e-02 -1.33297953662894e-03  1.62879341510405e-02  3.44434142642477e-02 -5.74056680390042e-03 -2.27766498129447e-02
 3  9.90862432205440e-03 -6.42110849186663e-02  9.90862432205438e-03 -5.74056680390026e-03 -1.33297953662893e-03 -1.07102608065595e-02  1.48086933929354e-02  6.06654845724918e-03 -4.98767500851452e-02  9.26801734023189e-02 -2.27766498129444e-02  1.62879341510405e-02  2.47925675903251e-02  6.24860582343042e-03 -8.60734889088795e-02  1.64949723198223e-01 -1.84307258186795e-01  9.26801734023190e-02  3.44434142642474e-02 -5.95589536971385e-02 -7.65501349093103e-02  1.76432869537770e-01 -2.11390669333203e-01  1.64949723198223e-01 -4.98767500851460e-02 -4.98997924946160e-02  3.18510997283171e-01 -2.52962015805677e-01  1.76432869537769e-01 -8.60734889088798e-02  6.06654845724965e-03  7.07649879509058e-01  3.18510997283171e-01 -7.65501349093103e-02  6.24860582343027e-03  1.48086933929352e-02 -4.98997924946160e-02 -5.95589536971388e-02  2.47925675903253e-02 -1.07102608065594e-02  3.44434142642478e-02  1.62879341510406e-02 -1.33297953662888e-03 -2.27766498129447e-02 -5.74056680390041e-03
 4  9.90862432205444e-03  9.90862432205454e-03 -6.42110849186665e-02 -2.27766498129448e-02  3.44434142642475e-02 -4.98997924946161e-02  7.07649879509058e-01 -4.98997924946159e-02  3.44434142642473e-02 -2.27766498129446e-02 -5.74056680390053e-03  1.62879341510406e-02 -5.95589536971390e-02  3.18510997283171e-01  3.18510997283171e-01 -5.95589536971388e-02  1.62879341510410e-02 -5.74056680390042e-03 -1.33297953662893e-03  2.47925675903248e-02 -7.65501349093100e-02 -2.52962015805678e-01 -7.65501349093105e-02  2.47925675903250e-02 -1.33297953662892e-03 -1.07102608065594e-02  6.24860582343061e-03  1.76432869537770e-01  1.76432869537770e-01  6.24860582343042e-03 -1.07102608065594e-02  1.48086933929351e-02 -8.60734889088797e-02 -2.11390669333203e-01 -8.60734889088799e-02  1.48086933929355e-02  6.06654845724983e-03  1.64949723198224e-01  1.64949723198223e-01  6.06654845724924e-03 -4.98767500851463e-02 -1.84307258186795e-01 -4.98767500851456e-02  9.26801734023192e-02  9.26801734023192e-02
 5  1.04851856059593e-02  3.20122618364254e-02  3.20122618364256e-02 -1.52193061473855e-02  8.13109306986004e-03 -7.41971014058359e-04 -3.20771807513355e-03  2.98292671422326e-03 -6.44317428204862e-03 -2.52019715637917e-02 -1.52193061473853e-02  3.08616479336668e-02 -2.81059258442069e-02  1.55499249341430e-02 -1.69112350987888e-03  2.77876379298100e-03  8.65200487092536e-02 -6.97706603544894e-02  8.13109306986008e-03 -2.81059258442069e-02  3.67949991137304e-02 -3.31723502617093e-02  8.36156952147061e-03 -1.88606859472279e-01  8.22944877913017e-02 -7.41971014058312e-04  1.55499249341427e-02 -3.31723502617091e-02  6.92023546021035e-02  6.11785718013230e-01 -8.69936375674575e-02 -3.20771807513339e-03 -1.69112350987896e-03  8.36156952147138e-03  6.11785718013230e-01  7.01316201636390e-02  2.98292671422321e-03  2.77876379298122e-03 -1.88606859472280e-01 -8.69936375674577e-02 -6.44317428204836e-03  8.65200487092536e-02  8.22944877913020e-02 -2.52019715637918e-02 -6.97706603544896e-02
 6  3.20122618364258e-02  1.04851856059588e-02  3.20122618364256e-02 -2.52019715637914e-02 -6.44317428204833e-03  2.98292671422307e-03 -3.20771807513330e-03 -7.41971014058413e-04  8.13109306985965e-03 -1.52193061473848e-02 -6.97706603544891e-02  8.65200487092530e-02  2.77876379298191e-03 -1.69112350987933e-03  1.55499249341423e-02 -2.81059258442053e-02  3.08616479336652e-02 -1.52193061473848e-02  8.22944877913017e-02 -1.88606859472279e-01  8.36156952146984e-03 -3.31723502617062e-02  3.67949991137275e-02 -2.81059258442054e-02  8.13109306985956e-03 -8.69936375674581e-02  6.11785718013233e-01  6.92023546020983e-02 -3.31723502617066e-02  1.55499249341420e-02 -7.41971014058314e-04  7.01316201636417e-02  6.11785718013230e-01  8.36156952146996e-03 -1.69112350987947e-03 -3.20771807513345e-03 -8.69936375674582e-02 -1.88606859472279e-01  2.77876379298184e-03  2.98292671422335e-03  8.22944877913023e-02  8.65200487092532e-02 -6.44317428204834e-03 -6.97706603544896e-02 -2.52019715637915e-02
 7  3.20122618364255e-02  3.20122618364258e-02  1.04851856059587e-02 -6.97706603544892e-02  8.22944877913021e-02 -8.69936375674585e-02  7.01316201636412e-02 -8.69936375674580e-02  8.22944877913017e-02 -6.97706603544895e-02 -2.52019715637915e-02  8.65200487092532e-02 -1.88606859472279e-01  6.11785718013233e-01  6.11785718013231e-01 -1.88606859472279e-01  8.65200487092537e-02 -2.52019715637914e-02 -6.44317428204849e-03  2.77876379298169e-03  8.36156952146982e-03  6.92023546020975e-02  8.36156952146954e-03  2.77876379298141e-03 -6.44317428204855e-03  2.98292671422311e-03 -1.69112350987939e-03 -3.31723502617058e-02 -3.31723502617061e-02 -1.69112350987945e-03  2.98292671422326e-03 -3.20771807513352e-03  1.55499249341419e-02  3.67949991137269e-02  1.55499249341417e-02 -3.20771807513345e-03 -7.41971014058230e-04 -2.81059258442052e-02 -2.81059258442051e-02 -7.41971014058140e-04  8.13109306985948e-03  3.08616479336647e-02  8.13109306985931e-03 -1.52193061473847e-02 -1.52193061473847e-02
 8 -4.51973830214336e-02  2.82656971626942e-02  2.82656971626943e-02  7.09252784246648e-02 -5.81882687408864e-02 -1.32488643214999e-02  3.30994187863850e-02 -5.02334431175981e-02  5.93839154144608e-02 -5.75137068318183e-02  7.09252784246640e-02 -1.65034192280605e-01  3.54779008498577e-01 -1.62150166524702e-01  1.33376755045917e-01 -1.01878905509320e-01  6.61323846790242e-02 -2.31516780100826e-02 -5.81882687408856e-02  3.54779008498578e-01  8.37084979671821e-01 -1.34831725924398e-01  5.32099731957469e-02 -1.97084508771131e-02  4.24895172229107e-04 -1.32488643215002e-02 -1.62150166524703e-01 -1.34831725924399e-01  2.38808749365321e-02 -9.26045421259618e-03  5.28787731612532e-03  3.30994187863851e-02  1.33376755045918e-01  5.32099731957477e-02 -9.26045421259646e-03 -1.73358557931981e-04 -5.02334431175988e-02 -1.01878905509320e-01 -1.97084508771128e-02  5.28787731612533e-03  5.93839154144616e-02  6.61323846790245e-02  4.24895172228980e-04 -5.75137068318186e-02 -2.31516780100829e-02
 9  2.82656971626944e-02 -4.51973830214335e-02  2.82656971626942e-02 -5.75137068318190e-02  5.93839154144622e-02 -5.02334431175998e-02  3.30994187863854e-02 -1.32488643215007e-02 -5.81882687408851e-02  7.09252784246641e-02 -2.31516780100828e-02  6.61323846790250e-02 -1.01878905509321e-01  1.33376755045920e-01 -1.62150166524706e-01  3.54779008498580e-01 -1.65034192280606e-01  7.09252784246645e-02  4.24895172229026e-04 -1.97084508771129e-02  5.32099731957474e-02 -1.34831725924400e-01  8.37084979671819e-01  3.54779008498581e-01 -5.81882687408867e-02  5.28787731612590e-03 -9.26045421259636e-03  2.38808749365326e-02 -1.34831725924399e-01 -1.62150166524703e-01 -1.32488643215004e-02 -1.73358557932086e-04 -9.26045421259634e-03  5.32099731957473e-02  1.33376755045917e-01  3.30994187863848e-02  5.28787731612539e-03 -1.97084508771137e-02 -1.01878905509319e-01 -5.02334431175985e-02  4.24895172228806e-04  6.61323846790242e-02  5.93839154144610e-02 -2.31516780100827e-02 -5.75137068318184e-02
10  2.82656971626947e-02  2.82656971626940e-02 -4.51973830214336e-02 -2.31516780100829e-02  4.24895172229048e-04  5.28787731612522e-03 -1.73358557931773e-04  5.28787731612542e-03  4.24895172228859e-04 -2.31516780100827e-02 -5.75137068318192e-02  6.61323846790251e-02 -1.97084508771127e-02 -9.26045421259672e-03 -9.26045421259610e-03 -1.97084508771130e-02  6.61323846790241e-02 -5.75137068318183e-02  5.93839154144618e-02 -1.01878905509321e-01  5.32099731957479e-02  2.38808749365326e-02  5.32099731957463e-02 -1.01878905509320e-01  5.93839154144612e-02 -5.02334431175991e-02  1.33376755045920e-01 -1.34831725924400e-01 -1.34831725924398e-01  1.33376755045918e-01 -5.02334431175985e-02  3.30994187863851e-02 -1.62150166524705e-01  8.37084979671819e-01 -1.62150166524703e-01  3.30994187863846e-02 -1.32488643215000e-02  3.54779008498580e-01  3.54779008498581e-01 -1.32488643215008e-02 -5.81882687408862e-02 -1.65034192280606e-01 -5.81882687408863e-02  7.09252784246648e-02  7.09252784246646e-02
11  3.93968200739432e-02  1.24724218653573e-02  1.24724218653571e-02 -8.26384379629396e-02  1.73019818813880e-02 -3.51076164817184e-02  3.86012262669158e-02 -3.82248500110691e-02  3.49655775594676e-02 -2.84398432571731e-02 -8.26384379629398e-02  8.50527577866822e-01  1.91351000876924e-01 -9.07747458364004e-02  5.53394779487049e-02 -3.43256410680404e-02  1.90135388168779e-02 -5.91203084999869e-03  1.73019818813866e-02  1.91351000876923e-01  5.51710333015053e-03 -7.48348931901260e-04 -9.60047743901551e-04  1.73391487538078e-03 -1.69722905316550e-03 -3.51076164817171e-02 -9.07747458363988e-02 -7.48348931901515e-04  8.44055518472974e-04 -3.71058209383988e-04  3.71678737501714e-04  3.86012262669153e-02  5.53394779487042e-02 -9.60047743901910e-04 -3.71058209384298e-04 -1.87495635038434e-04 -3.82248500110690e-02 -3.43256410680399e-02  1.73391487538037e-03  3.71678737501715e-04  3.49655775594671e-02  1.90135388168774e-02 -1.69722905316534e-03 -2.84398432571727e-02 -5.91203084999853e-03
12  1.24724218653566e-02  3.93968200739429e-02  1.24724218653571e-02 -2.84398432571716e-02  3.49655775594660e-02 -3.82248500110678e-02  3.86012262669142e-02 -3.51076164817159e-02  1.73019818813860e-02 -8.26384379629388e-02 -5.91203084999838e-03  1.90135388168768e-02 -3.43256410680387e-02  5.53394779487018e-02 -9.07747458363960e-02  1.91351000876916e-01  8.50527577866826e-01 -8.26384379629384e-02 -1.69722905316535e-03  1.73391487538012e-03 -9.60047743901606e-04 -7.48348931901177e-04  5.51710333014965e-03  1.91351000876923e-01  1.73019818813885e-02  3.71678737501964e-04 -3.71058209383909e-04  8.44055518473255e-04 -7.48348931901001e-04 -9.07747458363988e-02 -3.51076164817183e-02 -1.87495635038873e-04 -3.71058209384045e-04 -9.60047743902034e-04  5.53394779487043e-02  3.86012262669154e-02  3.71678737501902e-04  1.73391487538025e-03 -3.43256410680396e-02 -3.82248500110689e-02 -1.69722905316522e-03  1.90135388168773e-02  3.49655775594669e-02 -5.91203084999870e-03 -2.84398432571731e-02
